3,2
10,280
10,234
10,248
10,66
10,230
10,136
10,182
10,2
10,3
11,8
11,11
11,2
11,3
8,11
8,17
8,6
8,10
100,4
100,3
100,2
100,1
100,0
94,4
94,3
94,2
94,1
94,0
47,4
47,3
47,2
47,1
47,0
46,5
46,4
46,3
46,2
46,1
46,0
43,5
43,4
43,3
43,2
43,1
43,0
41,5
41,4
41,3
41,2
41,1
41,0
37,4
37,3
37,2
37,1
37,0
35,4
35,3
35,2
35,1
35,0
34,5
34,4
34,3
34,2
34,1
34,0
30,4
30,3
30,2
30,1
28,4
28,3
28,1
25,3
25,1
20,3
20,2
20,1
19,3
19,2
19,1
12,3
12,2
12,1
11,30
11,29
11,28
11,27
11,26
11,25
11,24
11,23
11,22
11,21
11,20
11,19
11,18
11,17
11,16
11,15
11,1
18,1
11,9
18,3
10,304
10,268
10,250
14,1
10,190
10,186
